       N       E                     dE             d eps       ncg     rms          rms(c)
DAV:   1    -0.226051301133E+01   -0.22605E+01   -0.21529E-01  1045   0.127E+00    0.101E+00
DAV:   2    -0.259529507601E+01   -0.33478E+00   -0.49872E-02   990   0.140E+00    0.134E-01
DAV:   3    -0.259098987395E+01    0.43052E-02   -0.13500E-03  1210   0.245E-01    0.328E-02
DAV:   4    -0.259095461232E+01    0.35262E-04   -0.37847E-05   800   0.469E-02
   1 F= -.25909546E+01 E0= -.25906505E+01  d E =-.259095E+01
