       N       E                     dE             d eps       ncg     rms          rms(c)
DAV:   1    -0.226052282540E+01   -0.22605E+01   -0.21529E-01  1045   0.127E+00    0.101E+00
DAV:   2    -0.259529452165E+01   -0.33477E+00   -0.49823E-02   990   0.140E+00    0.134E-01
DAV:   3    -0.259098973814E+01    0.43048E-02   -0.13500E-03  1210   0.246E-01    0.328E-02
DAV:   4    -0.259095458316E+01    0.35155E-04   -0.37704E-05   800   0.468E-02
   1 F= -.25909546E+01 E0= -.25906505E+01  d E =-.259095E+01
